41,27
40,28
39,29
38,30
38,31
37,32
36,33
35,34
34,35
34,36
33,37
33,38
32,39
31,40
31,41
31,42
30,43
29,44
29,45
29,46
28,47
28,48
28,49
27,50
27,51
26,52
26,53
26,54
26,55
26,56
25,57
25,58
25,59
25,60
25,61
25,62
25,63
25,64
25,65
25,66
25,67
25,68
25,69
25,70
25,71
25,72
25,73
25,74
25,75
25,74
25,73
25,72
25,71
25,70
25,69
25,68
25,67
25,66
25,65
25,64
25,63
25,62
25,61
25,60
25,59
25,58
25,57
26,56
26,55
26,54
26,53
26,52
27,51
27,50
28,49
28,48
28,47
29,46
32,46
33,45
33,44
34,43
34,42
35,41
35,40
36,39
36,38
37,37
38,36
39,35
39,34
40,33
41,32
42,31
43,30
44,29
45,28
46,28
47,27
48,26
47,27
46,28
45,28
44,29
43,30
42,31
41,32
40,33
39,34
39,35
38,36
37,37
36,38
36,39
35,40
35,41
34,42
34,43
33,44
33,45
32,46
32,47
31,48
31,49
31,50
30,51
30,52
30,53
29,54
29,55
29,56
29,57
28,58
28,59
28,60
28,61
28,62
28,63
28,64
28,65
28,66
28,67
28,68
28,69
34,73
34,74
34,73
28,69
28,68
28,67
28,66
28,65
28,64
28,63
28,62
28,61
28,60
28,59
28,58
29,57
29,56
29,55
29,54
30,53
30,52
30,51
31,50
31,49
31,48
32,47
32,46
29,46
29,45
29,44
30,43
31,42
31,41
31,40
32,39
33,38
33,37
34,36
34,35
35,34
36,33
37,32
38,31
38,30
39,29
40,28
41,27
42,27
43,26
44,25
45,24
46,24
47,23
48,22
49,22
50,21
51,20
52,20
53,19
54,19
55,18
56,18
57,17
58,17
59,17
60,17
61,16
62,16
63,16
64,15
65,15
66,15
67,15
68,14
69,14
70,14
71,14
72,13
73,13
74,13
75,13
76,13
77,13
78,13
79,13
80,13
81,13
82,13
83,13
84,13
85,13
86,13
87,13
88,13
89,14
90,14
91,14
92,15
93,15
94,15
95,16
96,16
97,16
98,17
99,17
100,17
101,18
102,18
103,18
104,19
105,19
106,20
107,21
108,21
109,22
110,23
111,23
112,24
113,25
114,26
115,27
116,28
117,29
117,30
118,31
119,32
120,33
120,34
121,35
121,36
122,37
122,38
123,39
123,40
124,41
125,42
125,43
125,44
126,45
126,46
127,47
127,48
127,49
128,50
128,51
128,52
129,53
129,54
129,55
130,56
130,57
130,58
130,59
131,60
131,61
131,62
131,63
131,64
131,65
131,66
131,67
131,68
131,69
131,70
131,71
131,72
131,73
130,74
130,75
127,81
126,80
125,80
124,80
125,80
126,80
127,81
127,82
127,83
124,83
124,88
123,87
124,88
125,87
125,86
124,85
125,86
125,87
125,88
124,88
125,89
125,88
125,89
124,90
118,95
118,94
119,93
118,94
118,95
118,96
118,97
118,98
118,99
117,100
117,101
116,102
116,103
115,104
114,105
113,106
112,107
111,108
110,109
109,110
108,111
107,111
106,112
105,112
104,113
103,113
102,114
101,114
100,114
99,115
98,115
97,115
96,116
95,116
94,116
93,116
92,117
91,117
90,117
89,117
88,117
87,117
86,117
85,117
84,117
83,117
82,117
81,118
80,118
79,118
78,117
77,117
76,117
75,117
74,117
73,117
72,117
71,117
70,116
69,116
68,116
67,116
66,116
65,116
64,115
63,115
62,115
61,114
60,114
59,114
58,113
57,113
56,112
55,112
54,112
53,111
52,110
51,110
50,109
49,109
48,108
47,107
46,106
45,105
44,104
43,103
43,102
42,101
42,100
41,99
41,98
41,97
41,96
40,95
39,94
39,93
39,92
39,91
39,90
39,89
39,88
39,87
39,86
38,85
38,84
38,83
37,82
37,81
36,80
35,79
34,78
33,77
32,76
31,76
30,76
29,76
28,77
27,77
26,78
26,79
26,80
26,81
25,82
25,83
25,84
25,85
26,86
26,87
26,88
27,89
27,90
27,91
28,92
29,93
30,94
31,95
32,96
33,96
34,97
35,98
36,98
37,98
38,97
38,96
39,95
38,94
39,93
38,94
37,94
36,94
35,95
36,94
37,94
38,94
39,94
39,95
40,95
39,95
39,94
38,94
39,95
38,96
38,97
38,98
37,98
38,98
39,98
38,97
39,98
40,99
41,98
40,99
41,99
40,99
39,98
38,98
38,97
37,98
36,98
35,98
34,97
33,96
32,96
31,95
30,94
29,93
28,92
27,91
27,90
25,90
25,91
25,90
27,90
27,89
26,88
26,87
26,86
25,85
25,84
25,83
25,82
26,81
26,80
26,79
26,78
27,77
28,77
29,76
30,76
31,76
32,76
33,77
34,78
35,79
36,80
37,81
37,82
38,83
38,84
38,85
39,86
39,87
39,88
35,88
35,87
34,86
33,87
32,88
31,87
31,86
31,85
32,84
32,83
31,82
30,82
29,81
30,80
31,80
32,80
33,81
34,82
35,83
34,84
33,84
32,83
33,84
32,84
33,84
34,84
35,84
35,83
35,84
36,85
35,86
34,86
35,86
35,87
35,86
36,85
35,84
34,84
35,83
34,82
33,81
32,80
31,80
30,80
29,81
28,82
28,83
28,82
29,81
30,82
31,82
32,83
32,84
31,85
31,86
31,87
31,88
31,89
32,88
31,88
32,88
31,89
31,90
32,91
31,90
31,89
31,88
31,87
32,88
33,87
34,86
35,87
35,88
35,89
35,90
35,91
36,92
37,91
37,90
37,89
37,90
37,91
36,92
35,91
35,90
35,89
35,88
39,88
39,89
40,90
39,90
40,90
39,91
40,90
41,91
42,92
43,92
44,93
45,94
46,94
47,95
48,95
49,95
50,96
51,96
52,96
53,96
54,96
55,96
56,96
57,96
58,96
59,96
60,96
61,96
62,96
63,96
64,95
65,95
66,95
67,94
68,94
69,93
70,92
71,91
72,90
72,89
73,88
73,87
74,86
74,85
74,84
75,83
75,82
75,81
75,80
76,79
76,78
77,77
78,77
79,77
80,77
81,77
82,78
83,79
83,80
83,81
83,82
83,83
84,84
84,85
84,86
85,87
85,88
86,89
86,90
87,91
88,92
89,93
90,94
91,94
92,95
93,95
94,95
95,96
96,96
97,96
98,96
99,96
100,96
101,96
102,96
103,96
104,96
105,96
106,96
107,96
108,96
109,95
110,95
111,95
112,95
113,94
114,94
115,93
116,92
117,91
118,90
119,89
120,88
121,87
121,86
121,85
121,84
122,83
122,82
122,81
122,80
122,79
123,78
124,77
125,76
126,76
127,77
128,78
129,79
130,80
130,81
131,82
131,83
131,84
130,85
130,86
130,87
129,88
129,89
128,90
128,91
127,92
126,93
125,94
124,95
123,96
122,96
121,97
120,96
120,95
120,96
121,97
122,96
123,96
124,95
125,94
126,93
127,92
128,91
128,90
129,89
129,88
130,87
130,86
130,85
131,84
131,83
131,82
130,81
130,80
129,79
128,78
127,77
126,76
125,76
124,77
123,78
122,79
122,80
122,81
122,82
122,83
121,84
121,85
121,86
121,87
120,88
120,89
119,89
120,89
121,90
121,91
121,92
121,93
121,92
121,91
121,90
120,89
120,88
119,89
118,90
117,91
116,92
115,93
114,94
113,94
112,95
111,95
110,95
109,95
108,96
107,96
106,96
105,96
104,96
103,96
102,96
101,96
100,96
99,96
98,96
98,91
97,91
98,91
98,89
100,89
101,89
102,88
103,86
105,88
105,87
106,86
106,85
106,84
106,83
106,82
106,81
105,80
105,79
105,78
105,77
104,76
106,75
105,74
104,73
103,73
102,73
101,73
100,73
100,75
99,75
98,76
98,77
98,78
99,79
100,79
101,79
102,78
102,77
101,76
100,75
101,76
102,77
102,78
101,79
100,79
99,79
98,78
98,77
98,76
95,75
94,74
93,73
94,72
95,71
94,70
93,70
92,70
91,71
90,71
89,72
88,72
87,73
87,74
86,75
86,76
86,77
86,78
86,79
86,80
86,81
87,82
87,83
87,84
87,85
88,86
88,87
89,88
90,89
91,90
92,91
93,92
94,92
95,93
96,93
97,93
98,94
99,94
100,94
101,93
102,93
103,93
104,93
105,93
106,93
107,93
108,93
109,93
110,92
111,92
112,91
113,91
114,90
114,89
115,88
116,87
116,86
117,85
117,84
118,83
118,82
118,81
119,80
119,79
119,78
119,77
119,76
119,75
119,74
118,73
117,72
116,72
115,71
114,71
113,71
112,71
111,71
110,70
109,70
108,70
109,70
110,70
111,71
112,71
113,71
114,71
115,71
116,72
117,72
118,73
122,70
121,70
122,70
123,71
124,72
124,73
123,74
122,74
123,74
124,73
124,72
123,71
122,70
118,73
119,74
119,75
119,76
119,77
119,78
119,79
119,80
118,81
118,82
118,83
117,84
117,85
116,86
116,87
115,88
114,89
114,90
113,91
112,91
111,92
110,92
109,93
108,93
107,93
106,93
105,93
104,93
103,93
102,93
101,93
100,94
99,94
98,94
97,93
96,93
95,93
94,92
93,92
92,91
91,90
90,89
89,88
88,87
88,86
87,85
87,84
87,83
87,82
86,81
86,80
86,79
86,78
86,77
86,76
86,75
87,74
87,73
88,72
89,72
90,71
91,71
92,70
93,70
94,70
95,71
96,71
97,71
98,70
99,70
100,70
101,70
102,70
103,70
104,71
105,71
106,71
107,72
108,73
109,74
110,74
111,75
112,76
113,77
114,77
113,77
112,76
111,75
110,74
109,74
108,73
107,72
106,71
106,69
105,69
106,69
106,71
105,71
104,71
103,70
102,70
101,70
100,70
99,70
98,70
97,71
96,71
95,71
94,72
93,73
92,73
91,74
91,75
91,76
91,77
91,76
91,75
91,74
92,73
93,73
94,74
93,75
94,76
95,75
94,76
94,77
93,78
93,79
92,80
92,81
92,82
92,83
92,84
92,85
93,86
93,87
94,88
95,87
95,86
96,85
96,84
96,83
95,82
96,83
96,84
97,85
96,85
97,85
98,86
99,86
100,86
101,85
101,84
102,83
102,82
102,83
101,84
101,85
100,86
99,86
98,86
97,85
96,84
96,85
95,86
95,87
96,88
95,87
94,88
94,89
95,90
94,89
94,88
93,87
93,86
92,85
92,84
92,83
92,82
92,81
92,80
93,79
93,78
94,77
94,76
93,75
94,74
95,75
98,76
99,75
100,75
100,73
101,73
102,73
103,73
104,73
105,74
106,75
107,76
108,77
109,78
110,79
110,80
111,81
111,82
111,83
110,84
111,85
112,86
113,85
113,84
113,83
114,82
114,81
114,80
114,79
114,80
114,81
114,82
113,83
113,84
113,85
112,86
111,85
110,84
111,83
111,82
111,81
110,80
110,79
109,78
108,77
107,76
106,75
104,76
105,77
105,78
105,79
105,80
106,81
106,82
106,83
106,84
106,85
106,86
105,87
105,88
104,89
103,90
102,91
101,91
102,91
103,90
104,89
105,88
107,90
108,89
108,88
108,89
107,90
105,88
103,86
102,88
101,89
100,89
98,89
98,91
98,96
97,96
96,96
95,96
94,95
93,95
92,95
88,103
89,102
88,101
87,101
86,102
85,103
84,103
83,104
84,105
85,105
86,104
85,103
86,104
87,104
88,103
87,104
86,104
85,105
84,105
83,104
77,106
75,103
74,102
73,102
72,101
71,101
70,101
69,102
70,103
71,104
72,104
73,105
74,105
75,105
74,105
73,105
72,104
71,104
70,103
69,102
70,101
71,101
72,101
73,102
74,102
75,103
76,103
75,103
77,106
83,104
84,103
85,103
86,102
87,101
88,101
89,102
88,103
92,95
91,94
90,94
89,93
88,92
87,91
86,90
86,89
85,88
81,91
80,92
80,93
81,94
82,93
82,92
81,91
82,92
82,93
81,94
80,93
80,92
81,91
85,88
85,87
84,86
84,85
84,84
83,83
83,82
83,81
83,80
83,79
82,78
81,77
80,77
79,77
78,77
77,77
76,78
76,79
75,80
75,81
75,82
75,83
74,84
74,85
74,86
73,87
73,88
72,89
72,90
71,91
70,92
69,93
68,94
67,94
66,95
65,95
64,95
63,96
62,96
61,96
60,96
59,96
58,96
57,96
57,91
56,90
55,89
54,88
53,87
53,86
52,85
52,84
52,83
52,82
52,81
52,80
53,79
53,78
53,77
54,76
55,75
56,74
55,75
54,76
53,77
53,78
53,79
52,80
52,81
52,82
48,82
48,81
48,80
48,79
48,78
49,77
50,76
51,75
52,74
53,73
54,73
55,72
56,72
57,72
59,71
60,72
64,69
63,70
62,70
61,69
60,69
59,69
58,69
57,69
56,69
55,69
54,70
53,70
52,69
51,69
50,69
49,70
48,70
47,71
46,71
45,71
44,71
43,71
42,72
41,73
41,74
41,75
41,76
41,77
41,78
41,79
41,80
41,81
41,82
41,83
42,84
42,85
42,86
43,87
44,88
45,89
46,90
47,91
48,92
49,92
50,92
51,92
52,93
53,93
54,93
55,93
56,93
57,93
58,93
59,93
60,93
61,93
62,93
63,93
64,92
65,92
66,91
67,90
68,89
69,88
69,87
70,86
70,85
71,84
71,83
71,82
71,81
72,80
72,79
72,78
72,77
72,76
72,75
72,74
71,73
70,72
69,71
68,71
67,70
66,70
67,70
68,71
69,71
70,72
71,73
72,74
72,75
72,76
72,77
72,78
72,79
72,80
71,81
71,82
71,83
71,84
70,85
70,86
69,87
69,88
68,89
67,90
66,91
65,92
64,92
63,93
62,93
61,93
60,93
59,93
58,93
57,93
56,93
55,93
54,93
53,93
52,93
51,92
50,92
49,92
48,92
47,91
46,90
45,89
44,88
43,87
42,86
42,85
42,84
41,83
41,82
41,81
41,80
41,79
41,78
41,77
41,76
41,75
41,74
41,73
42,72
43,71
41,69
40,70
39,70
38,70
37,71
36,72
36,73
37,74
37,75
36,76
37,75
38,76
38,77
38,76
37,75
37,74
36,73
36,72
37,71
38,70
39,70
40,70
41,69
42,69
43,69
42,69
41,69
43,71
44,71
45,71
46,71
47,71
48,70
49,70
50,69
47,62
48,61
49,60
50,59
51,58
52,58
53,57
54,56
55,55
56,54
56,53
55,52
56,51
57,50
58,49
57,48
56,47
57,48
58,49
59,49
60,48
61,47
60,46
61,45
60,44
59,44
58,44
57,44
56,44
55,43
54,43
53,43
52,42
51,41
50,40
50,39
49,38
48,37
48,36
47,35
46,34
46,33
46,32
47,31
47,30
48,29
49,28
50,27
51,26
52,25
51,24
50,24
51,24
52,25
53,25
54,24
53,23
54,24
55,24
56,23
56,22
57,21
58,20
59,20
60,20
61,19
62,19
63,19
64,18
65,18
66,18
67,17
68,17
69,17
70,17
71,16
72,16
73,16
74,16
75,16
76,15
77,15
78,15
79,15
80,15
81,15
82,15
83,15
82,15
81,15
80,15
79,15
78,15
77,15
76,15
75,16
74,16
73,16
72,16
71,16
70,17
69,17
68,17
67,17
66,18
65,18
64,18
63,19
62,19
61,19
60,20
59,20
58,20
57,21
56,22
56,23
56,24
55,24
56,25
56,24
56,25
56,26
56,27
56,28
56,29
57,30
57,31
57,32
58,33
59,34
60,35
60,36
61,37
61,38
60,39
59,39
58,40
58,41
58,42
58,41
58,40
59,39
60,39
61,40
62,41
63,41
64,41
65,41
66,42
66,43
65,44
64,45
63,44
62,44
61,44
60,44
61,44
61,45
62,44
61,45
61,44
62,44
63,44
64,45
64,46
63,47
62,47
61,47
62,47
63,47
64,46
64,45
65,44
66,43
74,46
75,46
76,45
77,44
76,43
75,43
74,43
73,43
72,43
71,43
70,43
69,44
68,45
68,46
68,47
69,48
70,48
71,48
72,48
73,47
74,46
73,47
72,48
71,48
70,48
69,48
68,47
68,46
68,45
69,44
70,43
71,43
72,43
73,43
74,43
75,43
76,43
77,44
87,40
90,40
89,41
89,42
90,44
91,43
90,44
88,44
88,45
89,46
94,52
95,51
96,51
97,51
98,51
99,51
100,51
101,51
102,51
103,52
104,52
105,52
106,53
107,54
108,54
109,55
110,56
111,57
110,58
109,58
108,57
107,57
106,56
105,55
104,55
103,54
102,54
101,54
100,54
99,54
98,53
97,53
96,53
95,53
94,52
95,53
96,53
97,53
98,53
99,54
100,54
101,54
102,54
103,54
104,55
105,55
106,56
107,57
108,57
109,58
110,58
111,57
110,56
109,55
108,54
107,54
106,53
105,52
104,52
103,52
102,51
101,51
100,51
99,51
98,51
97,51
96,51
95,51
94,52
89,46
88,45
88,44
90,44
89,42
89,41
90,40
91,41
90,40
87,40
77,44
76,45
75,46
80,56
80,55
81,54
82,53
83,52
83,51
84,50
84,49
85,48
85,47
85,46
86,45
86,44
86,43
86,42
85,41
85,40
85,39
85,40
84,41
83,42
82,43
82,44
81,45
80,46
79,47
78,47
77,48
76,49
75,50
74,51
73,52
72,53
71,53
70,54
69,55
68,56
67,56
66,57
65,58
64,58
63,59
62,59
61,60
60,61
59,62
58,62
57,62
56,62
55,63
54,64
53,64
52,65
51,65
50,66
49,66
48,66
47,67
48,66
49,66
50,66
51,67
52,67
53,67
54,67
55,66
56,66
57,67
58,67
59,67
60,67
61,67
62,67
63,67
64,66
64,65
63,64
62,63
61,63
60,63
59,62
60,63
61,63
62,63
63,64
64,65
64,66
64,67
63,67
64,67
65,67
64,66
65,67
66,67
67,67
68,67
69,67
70,68
71,68
72,69
73,69
74,70
75,71
76,72
77,72
78,72
79,72
80,72
81,72
82,72
83,71
84,70
85,69
86,69
87,68
88,68
89,68
90,67
91,67
92,67
93,67
94,67
95,66
95,65
96,64
97,64
98,64
99,63
100,63
101,64
100,63
99,63
98,64
97,64
96,64
95,65
95,66
96,67
95,67
95,66
95,67
94,67
95,67
96,67
97,67
98,67
99,67
100,67
101,67
102,67
103,67
104,67
105,67
106,67
107,67
108,67
109,67
110,67
111,67
112,67
113,67
114,68
115,68
116,68
117,68
118,68
119,68
120,67
120,66
120,65
119,64
119,63
118,62
118,61
117,60
116,59
115,58
115,57
114,56
113,55
112,54
111,53
110,52
110,51
109,50
108,49
107,48
106,47
106,46
105,45
104,44
103,44
102,44
101,43
100,42
99,42
98,41
97,41
96,41
95,41
94,42
94,43
93,44
93,45
92,46
91,47
91,48
90,49
89,50
88,51
87,52
86,53
85,54
84,55
83,56
82,57
81,58
80,57
80,56
80,57
81,58
82,57
83,56
84,55
85,54
86,53
87,52
88,51
89,50
90,49
91,48
91,47
92,46
93,45
93,44
94,43
94,42
95,41
96,41
97,41
98,41
99,42
100,42
101,43
102,44
103,44
104,44
105,45
106,46
106,47
107,48
108,49
109,50
110,51
110,52
111,53
112,54
113,55
114,56
115,57
115,58
116,59
117,60
118,61
118,62
119,63
119,64
120,65
120,66
120,67
119,68
118,68
117,68
116,68
115,68
114,68
113,67
112,67
111,67
110,67
109,67
108,67
107,67
106,67
105,67
104,67
103,67
102,67
101,67
100,67
99,67
98,67
97,67
96,67
95,66
94,67
93,67
92,67
91,67
90,67
89,68
88,68
87,68
86,69
85,69
84,70
83,71
82,72
81,72
80,72
79,72
78,72
77,72
76,72
75,71
74,70
73,69
72,69
71,68
70,68
69,67
68,67
67,67
66,67
65,67
64,67
64,66
63,67
62,67
61,67
60,67
59,67
58,67
57,67
56,66
55,66
54,67
53,67
52,67
51,67
50,66
51,65
52,65
53,64
54,64
55,63
56,62
57,62
58,62
59,62
60,61
61,60
62,59
63,59
64,58
65,58
66,57
67,56
68,56
69,55
70,54
71,53
72,53
73,52
74,51
75,50
76,49
77,48
78,47
79,47
80,46
81,45
82,44
82,43
83,42
84,41
85,41
84,41
85,40
85,41
86,42
86,43
86,44
86,45
85,46
85,47
85,48
84,49
84,50
83,51
83,52
82,53
81,54
80,55
80,56
75,46
74,46
66,43
66,42
65,41
64,41
63,41
62,41
61,40
60,39
61,38
61,37
60,36
60,35
59,34
58,33
57,32
56,33
57,32
57,31
57,30
56,29
56,28
56,27
56,26
56,25
55,24
56,24
56,23
55,24
54,24
53,25
52,25
51,26
50,27
49,28
48,29
47,30
47,31
46,32
46,33
46,34
47,35
48,36
48,37
49,38
50,39
50,40
51,41
52,42
53,43
54,43
55,43
56,44
57,44
58,44
59,44
60,44
61,45
60,46
61,47
60,48
59,49
58,49
57,50
56,51
55,52
54,52
53,53
52,54
51,55
50,56
49,57
48,57
47,58
46,59
45,60
44,60
43,61
42,62
41,63
40,63
39,64
38,64
37,65
36,65
35,64
35,63
35,62
36,61
36,60
37,59
37,58
38,57
39,56
39,55
40,54
41,53
42,52
42,51
43,50
44,49
45,48
46,47
47,46
48,45
49,44
50,43
49,44
48,45
47,46
46,47
45,48
44,49
43,50
42,51
42,52
41,53
40,54
39,55
39,56
38,57
37,58
37,59
36,60
36,61
35,62
35,63
35,64
36,65
37,65
38,64
39,64
40,63
41,63
42,62
43,61
44,60
45,60
46,59
47,58
48,57
49,57
50,56
51,55
52,54
53,53
54,52
55,52
56,53
57,54
58,53
59,52
60,51
61,51
60,51
59,52
58,53
57,54
56,54
57,54
56,53
56,54
55,55
54,56
53,57
52,58
51,58
50,59
50,60
49,60
50,60
51,61
52,61
53,60
54,59
55,59
56,58
57,58
58,57
59,57
60,56
61,56
62,55
63,55
64,54
63,55
62,55
61,56
60,56
59,57
58,57
57,58
58,59
57,58
56,58
55,59
54,59
53,60
52,61
51,61
50,62
51,61
50,60
50,59
49,60
48,61
47,62
46,63
45,64
44,64
43,65
42,65
41,66
42,65
43,65
44,66
45,66
44,66
43,65
44,64
45,64
46,63
47,62
50,69
51,69
52,69
53,70
52,71
51,71
50,72
49,73
48,74
47,75
46,76
45,77
45,78
44,79
44,80
44,81
44,82
45,83
45,84
45,83
44,82
44,81
44,80
44,79
45,78
45,77
46,76
47,75
48,74
49,73
50,72
51,71
52,71
53,70
54,70
55,69
56,69
57,69
58,69
59,69
60,69
60,65
60,69
61,69
62,70
63,71
63,70
64,71
63,71
64,72
64,71
65,72
64,72
63,73
64,72
65,72
66,73
67,74
66,75
65,76
65,77
66,78
66,79
66,80
66,81
66,82
66,83
66,84
66,85
66,86
65,87
65,88
64,89
65,88
65,87
66,86
66,85
66,84
62,84
63,83
64,83
63,83
62,84
61,85
60,86
59,86
58,85
57,84
57,83
56,82
55,81
56,82
57,83
57,84
58,85
59,86
60,86
61,85
62,85
62,84
62,85
63,86
63,87
62,88
61,89
60,89
59,89
58,89
59,89
60,89
61,89
62,88
63,87
63,86
62,85
61,85
62,84
66,84
66,83
66,82
66,81
66,80
66,79
66,78
65,77
62,78
63,77
62,76
61,75
60,75
59,75
58,76
58,77
58,78
59,79
60,79
61,79
62,78
61,79
60,79
59,79
58,78
58,77
58,76
59,75
60,75
61,75
62,76
63,77
62,78
65,77
65,76
66,75
67,74
66,73
65,72
64,71
64,72
63,71
64,71
63,70
63,71
62,70
63,70
64,69
60,72
59,71
57,72
56,72
55,72
54,73
53,73
52,74
51,75
50,76
49,77
48,78
48,79
48,80
48,81
48,82
48,83
48,84
48,85
48,84
48,83
48,82
52,82
52,83
52,84
52,85
53,86
55,85
55,86
56,87
55,86
55,85
53,86
53,87
54,88
55,89
56,90
57,91
58,91
59,91
60,91
61,91
60,91
59,91
58,91
57,91
57,96
56,96
55,96
54,96
53,96
52,96
51,96
50,96
49,95
48,95
47,95
46,94
45,94
44,93
43,92
42,92
41,91
40,90
39,89
39,90
39,91
39,92
39,93
39,94
40,95
41,96
41,97
41,98
41,99
42,100
42,101
43,102
43,103
44,104
45,105
46,106
47,107
48,108
49,109
50,109
51,110
52,110
53,111
54,112
55,112
56,112
57,113
58,113
59,114
55,124
56,123
57,122
58,121
59,120
60,120
61,119
62,118
63,118
64,118
65,118
64,118
63,118
62,118
61,119
60,120
59,120
58,121
57,122
56,123
55,124
54,125
54,126
55,127
56,126
55,127
55,128
55,129
55,130
55,131
55,132
55,133
55,134
55,135
56,136
56,137
57,138
57,139
57,140
58,141
58,142
58,143
59,144
59,145
59,146
59,145
59,144
70,141
69,141
68,141
67,141
66,141
65,142
64,142
63,143
62,144
61,145
62,144
63,143
64,142
65,142
66,141
67,141
68,141
69,141
70,141
71,141
72,142
73,142
74,141
75,142
81,140
81,139
82,138
83,137
83,136
84,135
84,134
85,133
86,132
87,131
87,130
88,129
88,128
88,127
89,126
89,125
90,124
90,123
89,122
89,121
88,120
89,121
89,122
90,123
90,124
89,125
89,126
88,127
88,128
88,129
87,130
87,131
89,132
91,135
90,136
89,136
88,135
88,134
88,135
87,136
86,137
86,138
85,139
86,138
86,137
87,136
88,135
89,136
89,138
90,138
91,139
92,139
91,139
90,138
89,138
89,136
90,136
91,135
92,136
93,135
94,135
95,135
96,134
96,133
96,132
96,131
96,130
96,129
96,128
96,127
96,126
96,125
95,124
94,123
93,122
94,123
95,124
96,125
96,126
96,127
96,128
96,129
96,130
96,131
96,132
96,133
96,134
104,142
104,141
104,140
105,139
106,138
106,137
107,136
108,135
109,134
109,133
108,132
107,131
106,130
105,129
104,128
103,127
102,127
101,126
100,126
99,125
99,126
99,127
100,126
99,126
100,126
99,127
99,128
99,129
99,130
98,131
98,132
98,133
98,134
98,135
98,136
98,137
98,138
98,139
98,140
98,141
97,142
97,143
96,144
95,144
94,143
93,143
92,142
91,142
90,142
89,141
88,141
87,141
86,142
85,142
84,142
83,143
82,144
81,145
80,145
79,146
78,146
77,145
76,145
75,145
74,145
73,145
72,144
71,144
70,144
69,145
68,145
67,145
66,145
65,146
64,146
63,146
62,147
63,146
64,146
65,146
66,145
67,145
68,145
69,145
70,144
71,144
72,144
73,145
74,145
75,145
76,145
77,145
78,146
79,146
80,145
81,145
82,144
83,143
84,142
85,142
86,142
87,141
88,141
89,141
90,142
91,142
92,142
93,143
94,143
95,144
96,144
97,143
97,142
98,141
98,140
98,139
98,138
98,137
98,136
98,135
98,134
98,133
98,132
98,131
99,130
99,129
99,128
99,127
99,126
99,125
100,126
101,126
102,127
103,127
104,128
105,129
106,130
107,131
108,132
109,133
109,134
108,135
107,136
106,137
106,138
114,143
113,142
114,141
114,140
113,139
114,138
115,137
116,136
115,135
114,135
115,135
116,136
115,137
114,138
114,139
113,139
112,139
111,139
110,140
109,141
108,141
107,142
107,143
106,144
106,145
107,146
107,147
107,148
107,149
107,148
107,147
107,146
106,145
106,144
107,143
107,142
108,141
109,141
110,140
111,139
112,139
113,139
114,139
114,140
114,139
114,138
113,139
114,140
114,141
113,142
114,143
115,143
116,142
116,141
117,140
117,139
118,138
119,137
120,137
121,136
122,136
123,136
124,136
125,135
126,134
127,134
128,133
129,132
130,131
131,130
132,129
132,128
133,127
133,126
133,125
133,124
133,123
132,122
132,121
132,120
132,119
131,118
131,117
131,116
131,115
130,114
130,113
130,112
129,111
129,110
128,109
128,108
128,107
128,106
128,105
127,104
127,103
127,102
127,101
126,100
126,99
126,98
126,97
126,98
126,99
126,100
127,101
127,102
127,103
127,104
128,105
128,106
128,107
128,108
128,109
129,110
129,111
130,112
130,113
130,114
124,117
124,116
124,115
124,114
124,113
123,112
123,111
122,110
122,109
122,108
122,107
122,106
123,105
124,104
124,103
124,104
124,105
123,105
124,106
124,105
124,106
125,107
125,108
125,109
125,110
125,111
126,112
126,113
127,114
127,115
127,116
127,117
128,118
128,119
128,120
128,121
129,122
129,123
129,124
128,125
127,126
126,127
126,128
126,129
125,130
124,131
123,132
122,132
121,132
120,131
120,130
121,129
122,128
123,127
123,126
123,125
124,124
124,123
124,122
124,121
124,120
124,119
124,118
124,117
124,118
124,119
124,120
124,121
124,122
124,123
124,124
123,125
123,126
123,127
122,128
121,129
120,130
120,131
121,132
122,132
123,132
124,131
125,130
126,129
126,128
126,127
127,126
128,125
129,124
129,123
129,122
128,121
128,120
128,119
128,118
127,117
127,116
127,115
127,114
126,113
126,112
125,111
125,110
125,109
125,108
125,107
124,106
123,105
124,105
124,104
123,105
122,106
122,107
122,108
122,109
122,110
123,111
123,112
124,113
124,114
124,115
124,116
124,117
130,114
131,115
131,116
131,117
131,118
132,119
132,120
132,121
132,122
133,123
133,124
133,125
133,126
133,127
132,128
132,129
131,130
130,131
129,132
128,133
127,134
126,134
125,135
124,136
123,136
122,136
121,136
120,137
119,137
118,138
117,139
117,140
116,141
116,142
115,143
116,144
117,145
117,146
120,148
117,146
117,145
116,144
115,143
114,143
106,138
105,139
104,140
104,141
104,142
104,143
104,144
104,145
104,146
104,147
104,148
105,149
104,148
104,147
104,146
104,145
104,144
104,143
104,142
96,134
95,135
94,135
93,135
92,136
91,135
89,132
87,131
86,132
85,133
84,134
84,135
83,136
83,137
82,138
81,139
81,140
80,141
80,142
79,143
78,142
77,141
76,140
75,139
75,138
74,137
73,136
73,135
72,134
71,133
70,132
70,131
69,130
68,129
68,128
67,127
67,126
66,125
66,124
66,123
66,122
66,121
67,120
67,119
68,118
69,119
70,119
71,119
72,119
73,119
74,119
75,120
76,120
77,120
78,120
79,120
80,120
81,120
82,120
83,120
84,120
85,120
86,119
85,120
84,120
83,120
82,120
81,120
80,120
79,120
78,120
77,120
76,120
75,120
74,119
73,119
72,119
71,119
70,119
69,119
68,118
67,119
67,120
66,121
66,122
66,123
66,124
66,125
67,126
67,127
66,128
65,127
64,126
64,125
63,124
63,123
63,122
64,121
63,122
63,123
63,124
64,125
64,126
65,127
66,128
66,129
67,130
68,129
67,130
67,131
67,132
68,133
69,134
69,135
70,136
71,137
71,138
71,137
70,136
69,135
69,134
68,133
67,132
67,131
67,130
66,129
66,128
67,127
68,128
68,129
69,130
70,131
70,132
71,133
72,134
73,135
73,136
74,137
75,138
75,139
76,140
77,141
78,142
79,143
80,142
80,141
81,140
75,142
74,141
73,142
72,142
71,141
70,141
59,144
58,143
58,142
58,141
57,140
53,140
52,139
52,138
52,139
53,140
54,139
53,140
51,144
50,143
49,144
49,145
49,146
49,147
48,148
48,149
48,148
49,147
49,146
49,145
49,144
38,142
37,141
37,140
36,139
35,138
34,138
33,138
32,138
31,137
30,137
29,136
28,135
27,135
26,134
25,133
24,132
23,131
22,130
21,129
21,128
20,127
20,126
20,125
20,124
20,123
20,122
20,121
20,120
20,119
20,118
20,117
21,116
21,115
21,114
21,113
22,112
22,111
23,110
23,109
24,108
24,107
25,106
25,105
26,104
26,103
26,102
27,101
27,100
28,99
28,98
28,97
28,98
28,99
27,100
27,101
26,102
26,103
26,104
25,105
25,106
24,107
24,108
23,109
23,110
22,111
22,112
21,113
21,114
21,115
21,116
20,117
20,118
20,119
20,120
20,121
20,122
20,123
23,123
23,122
23,123
23,124
23,125
23,126
24,127
24,128
24,129
24,128
24,127
23,126
23,125
25,125
25,124
25,123
25,122
25,123
25,124
25,125
26,126
26,127
26,128
26,129
26,128
26,127
26,126
25,125
23,125
23,124
23,123
20,123
20,124
20,125
20,126
20,127
21,128
21,129
22,130
23,131
24,132
25,133
26,134
27,135
28,135
29,136
30,137
31,137
32,138
33,138
34,138
35,138
36,139
37,139
38,138
37,139
37,140
37,139
36,139
37,140
37,141
38,142
39,141
40,140
40,139
40,138
41,137
41,136
42,135
42,134
43,133
42,132
42,131
42,130
42,131
42,132
43,133
44,132
45,133
45,134
45,135
46,136
45,137
44,138
43,139
42,140
41,141
40,140
41,141
42,142
43,143
44,142
44,141
44,140
43,139
44,140
44,141
45,142
44,142
45,142
46,142
47,141
48,140
49,139
49,138
50,137
50,136
50,135
50,134
50,133
50,132
50,131
49,130
50,129
51,129
52,130
52,131
52,132
52,131
52,130
51,129
50,129
49,130
50,131
50,132
50,133
50,134
50,135
50,136
50,137
49,138
49,139
48,140
47,141
46,142
45,142
44,141
44,142
43,143
42,142
41,141
42,140
43,139
44,138
45,137
46,136
45,135
45,134
45,133
44,132
43,133
42,134
42,135
41,136
41,137
40,138
40,139
40,140
39,141
38,142
49,144
50,143
51,144
51,145
51,146
51,147
51,148
51,149
51,148
51,147
51,146
51,145
51,144
53,140
57,140
57,139
57,138
56,137
56,136
55,135
55,134
55,133
55,132
55,131
55,130
55,129
55,128
55,127
54,126
54,125
55,124
59,114
60,114
61,114
62,115
63,115
64,115
65,116
66,116
67,116
68,116
69,116
70,116
71,117
72,117
73,117
74,117
75,117
76,117
77,117
78,117
79,118
80,118
81,118
82,117
83,117
84,117
85,117
86,117
87,117
88,117
89,117
90,117
91,117
92,117
93,116
94,116
95,116
96,116
97,115
98,115
99,115
100,114
101,114
102,114
103,113
104,113
105,112
106,112
107,111
108,111
109,110
110,109
111,108
112,107
113,106
114,105
115,104
116,103
116,102
117,101
117,100
118,99
118,98
118,97
118,96
118,95
124,90
125,89
124,88
125,88
125,87
124,88
124,83
127,83
127,82
127,81
130,75
130,74
131,73
131,72
131,71
131,70
131,69
131,68
131,67
131,66
131,65
131,64
131,63
131,62
131,61
131,60
130,59
130,58
130,57
130,56
129,55
129,54
129,53
128,52
128,51
128,50
127,49
127,48
127,47
126,46
126,45
125,44
125,43
125,42
124,41
123,40
123,39
122,38
122,37
121,36
121,35
120,34
120,33
119,32
118,31
117,30
113,32
114,31
114,30
113,29
112,28
111,27
110,26
109,25
108,25
107,24
106,23
107,24
108,25
109,25
110,26
111,27
112,28
113,29
114,30
114,31
113,32
112,33
113,34
113,35
114,36
115,37
116,38
117,37
118,37
119,38
120,39
120,40
121,41
121,42
122,43
122,44
123,45
123,46
124,47
124,48
124,49
125,50
125,51
125,50
124,49
124,48
124,47
123,46
123,45
122,44
122,43
121,42
121,41
120,40
120,39
119,38
118,37
117,37
116,38
115,37
114,36
113,35
107,40
108,39
109,38
110,37
111,38
112,39
113,40
113,41
112,42
111,41
110,40
109,39
109,38
109,39
108,39
109,39
110,40
111,41
112,42
111,43
110,44
109,45
108,44
107,43
107,42
106,41
105,40
104,39
103,39
102,38
103,39
104,39
105,40
106,41
107,40
106,41
107,42
107,43
108,44
109,45
110,44
111,43
112,42
113,41
113,40
112,39
111,38
110,37
109,38
108,39
107,40
113,35
113,34
112,33
113,32
117,30
117,29
116,28
115,27
114,26
113,25
112,24
111,23
110,23
109,22
108,21
107,21
106,20
105,19
104,19
103,18
102,18
101,18
100,17
99,17
98,17
97,16
96,16
95,16
94,15
93,15
92,15
91,14
90,14
89,14
88,13
87,13
86,13
85,13
84,13
83,13
82,13
81,13
80,13
79,13
78,13
77,13
76,13
75,13
74,13
73,13
72,13
71,14
70,14
69,14
68,14
67,15
66,15
65,15
64,15
63,16
62,16
61,16
60,17
59,17
58,17
57,17
56,18
55,18
54,19
53,19
52,20
51,20
50,21
49,22
48,22
47,23
46,24
45,24
44,25
43,26
42,27
41,27
