195,26
194,26
193,25
192,25
191,25
190,24
189,24
188,24
187,23
186,23
185,23
184,22
183,22
182,21
181,21
180,21
179,20
178,20
177,20
176,20
175,19
174,19
173,19
172,19
171,19
170,19
169,19
168,20
167,20
166,20
165,20
164,20
163,20
162,21
161,21
138,25
139,25
140,24
141,24
142,24
143,24
191,28
224,63
223,62
222,61
222,60
221,59
221,58
220,57
220,56
219,55
218,54
218,53
217,52
216,51
216,50
215,49
214,48
214,47
213,46
212,45
211,44
210,43
209,42
209,41
208,40
207,39
206,38
205,37
204,36
203,35
202,35
201,34
200,33
199,33
198,33
197,32
196,32
195,31
194,31
193,30
192,30
191,30
190,29
189,29
188,29
187,28
186,27
185,26
184,26
183,26
182,25
181,25
180,24
179,24
178,24
177,23
176,23
175,23
174,23
173,23
134,26
135,26
238,110
237,109
236,108
235,107
234,106
234,105
234,104
234,103
234,102
234,101
234,100
235,99
235,98
235,97
235,96
235,95
234,94
234,93
234,92
234,91
234,90
234,89
234,88
234,87
234,86
233,85
233,84
233,83
232,82
232,81
232,80
232,79
232,78
231,77
231,76
231,75
231,74
230,73
230,72
230,71
229,70
229,69
229,68
228,67
228,66
228,65
227,64
227,63
227,62
226,61
225,60
225,59
224,58
224,57
223,56
223,55
222,54
221,53
221,52
220,51
219,50
219,49
218,48
217,47
216,46
216,45
215,44
214,43
213,42
212,41
211,40
210,39
210,38
209,37
208,36
207,35
206,34
205,33
204,32
203,31
202,30
201,29
200,28
199,28
198,28
197,28
196,28
195,28
142,29
143,29
144,29
145,29
146,29
147,29
148,29
144,33
145,33
146,32
147,32
148,31
195,36
194,36
193,35
192,35
191,35
190,35
189,35
188,34
187,34
186,34
185,34
184,33
183,33
126,43
140,47
141,46
142,45
143,45
144,44
145,44
145,62
146,61
146,60
147,59
148,58
149,57
150,56
151,55
152,55
153,54
153,80
153,79
153,78
154,77
154,76
154,75
155,74
155,73
155,72
155,71
155,70
155,69
155,68
156,67
156,66
156,65
156,64
157,63
158,62
158,61
158,60
159,59
179,64
178,63
177,62
177,61
131,69
132,68
132,67
132,66
232,132
231,132
230,131
230,130
230,129
230,128
230,127
230,126
230,125
230,124
230,123
230,122
230,121
230,120
230,119
230,118
230,117
230,116
230,115
230,114
231,113
231,112
231,111
231,110
231,109
231,108
231,107
231,106
231,105
231,104
231,103
231,102
231,101
231,100
230,99
230,98
231,97
231,96
231,95
230,94
230,93
230,92
230,91
230,90
231,89
231,88
230,87
230,86
230,85
230,84
229,83
229,82
229,81
229,80
228,79
228,78
228,77
227,76
228,75
227,74
226,73
226,72
226,71
226,70
225,69
225,68
225,67
224,66
223,65
82,85
82,84
82,83
83,82
83,81
84,80
85,79
86,78
86,77
86,76
86,75
87,74
87,73
88,72
88,71
89,70
89,69
211,67
210,67
128,72
128,71
197,83
197,82
196,81
195,80
194,79
193,78
192,77
192,76
86,86
100,95
99,94
98,94
97,93
96,92
95,91
94,90
93,89
87,90
88,91
217,100
198,98
199,99
200,99
201,100
202,100
203,101
204,102
205,103
206,104
207,105
77,156
78,156
79,156
80,156
81,155
81,154
81,153
81,152
82,151
83,150
84,149
85,149
86,148
87,147
88,146
88,145
89,144
89,143
89,142
89,141
89,140
89,139
89,138
89,137
90,136
90,135
90,134
90,133
91,132
91,131
91,130
91,129
91,128
92,127
92,126
93,125
93,124
93,123
94,122
94,121
94,120
94,119
95,118
95,117
96,116
96,115
97,114
98,114
99,113
99,112
99,111
100,110
101,110
102,110
103,109
104,109
105,109
106,109
107,109
108,108
109,108
228,176
228,175
228,174
228,173
228,172
228,171
228,170
228,169
228,168
228,167
228,166
227,165
227,164
227,163
227,162
227,161
227,160
227,159
227,158
227,157
227,156
227,155
227,154
227,153
227,152
227,151
227,150
227,149
227,148
227,147
227,146
227,145
227,144
227,143
226,142
226,141
226,140
226,139
226,138
226,137
225,136
225,135
225,134
225,133
224,132
224,131
223,130
223,129
223,128
223,127
223,126
223,125
224,124
224,123
223,122
222,121
221,120
220,119
220,118
220,117
220,116
219,115
219,114
218,113
217,112
216,111
215,110
79,119
79,118
79,117
79,116
235,115
184,119
185,119
175,120
176,120
177,120
183,122
182,123
181,123
180,124
179,124
156,124
220,124
233,125
233,126
152,126
186,128
185,128
184,128
183,129
182,129
181,129
180,129
179,130
178,130
177,130
176,130
175,130
174,131
173,131
172,131
171,131
170,132
169,132
168,132
167,133
166,133
165,133
164,134
163,134
162,134
161,135
160,135
159,136
158,136
157,137
142,145
143,145
144,145
145,145
146,146
147,147
148,148
148,149
148,150
148,151
149,152
149,153
150,154
150,155
151,156
151,157
152,158
155,164
155,163
154,162
153,161
153,160
153,159
154,158
199,129
198,129
197,129
91,145
92,144
92,143
92,142
92,141
92,140
92,139
93,138
93,137
94,136
94,135
95,134
96,133
97,132
98,131
193,134
192,133
191,132
190,132
189,132
157,140
158,139
159,138
160,138
161,137
162,137
163,136
164,136
165,136
166,135
167,135
168,135
169,134
170,134
171,134
236,134
235,134
234,134
181,138
182,138
200,140
199,140
198,140
197,140
196,140
195,140
194,139
193,139
191,143
191,142
191,141
192,140
191,139
190,138
189,138
188,138
117,140
133,141
132,142
131,142
90,147
91,147
92,147
93,146
94,146
95,146
96,145
97,145
98,145
99,145
100,145
101,144
102,144
103,144
104,144
105,144
106,144
107,144
108,143
109,143
110,143
111,143
112,143
113,143
114,143
115,143
116,142
117,142
118,142
119,142
120,142
121,142
122,143
123,143
124,143
125,143
126,143
127,143
128,144
129,144
195,143
194,144
193,145
192,146
162,145
162,146
175,146
174,146
173,146
172,146
171,146
170,146
92,149
93,149
94,148
95,148
96,148
97,148
98,147
99,147
100,147
101,147
102,146
103,146
104,146
105,146
139,147
117,148
118,148
119,148
120,148
121,148
143,148
142,148
126,149
126,150
86,154
86,153
86,152
86,151
87,150
84,166
85,166
86,165
86,164
87,163
88,162
88,161
88,160
88,159
88,158
88,157
88,156
88,155
88,154
88,153
88,152
128,150
142,154
165,180
165,179
165,178
164,177
163,176
162,175
161,174
160,173
159,172
158,171
157,170
157,169
156,168
155,167
154,166
153,165
152,164
151,163
150,162
149,161
148,160
147,159
147,158
146,157
98,157
132,157
131,158
130,159
129,159
128,159
127,159
126,160
125,161
124,162
123,163
122,163
121,164
120,165
119,165
118,165
117,166
116,166
115,166
114,166
113,166
112,166
111,166
110,166
109,166
108,165
107,164
106,163
105,162
87,172
200,174
199,174
198,174
197,174
196,174
195,174
194,175
193,175
192,175
191,175
190,175
189,175
188,175
187,176
186,176
185,176
184,176
183,176
182,176
181,176
180,176
179,176
178,176
177,176
176,176
175,176
174,176
173,176
172,176
171,176
104,189
105,189
106,189
107,188
108,188
109,188
110,187
111,187
112,187
113,187
114,186
115,186
116,186
117,186
118,186
119,186
120,186
121,186
122,186
123,186
119,205
119,204
119,203
119,202
120,201
120,200
120,199
120,198
121,197
121,196
122,195
122,194
122,193
123,192
123,191
123,190
167,189
166,190
166,191
137,191
138,191
139,192
140,193
141,194
142,194
143,195
144,196
145,196
146,197
147,197
148,197
149,196
150,195
151,194
152,194
153,193
154,193
155,193
156,193
157,193
158,193
159,193
160,193
161,193
162,194
163,194
164,194
169,192
169,193
168,194
167,195
166,196
117,208
182,213
181,213
180,213
179,213
178,212
177,212
176,213
175,213
174,213
173,213
172,212
171,212
170,212
169,212
168,212
167,211
166,211
165,211
164,210
163,210
162,210
161,210
160,210
159,210
158,211
157,211
156,211
155,211
154,211
153,211
152,211
151,212
150,212
149,212
146,212
147,212
148,215
148,214
147,213
148,212
147,212
146,212
145,212
144,211
143,211
142,210
141,210
185,220
184,219
183,219
182,218
181,217
180,216
179,216
178,216
177,216
176,216
175,216
174,216
173,217
172,217
171,217
170,217
169,216
168,216
167,216
166,216
165,216
164,216
163,216
162,216
161,217
160,217
159,217
158,217
157,218
156,218
155,218
154,218
153,219
152,219
151,219
150,219
149,219
148,219
147,219
146,219
145,219
144,219
142,219
144,224
144,223
143,222
143,221
142,220
143,219
142,219
141,218
140,218
139,218
138,218
137,218
136,217
135,217
134,218
215,234
215,235
145,237
146,237
147,237
148,236
149,236
150,236
151,236
152,236
153,236
154,236
155,236
156,236
157,236
242,245
216,247
215,248
216,249
216,250
222,262
221,261
220,260
219,259
218,258
217,257
216,256
216,255
216,254
216,253
216,252
217,251
218,252
219,253
220,254
221,255
222,256
223,257
224,258
225,259
226,259
221,269
221,270
220,271
210,319
210,318
210,317
211,316
211,315
212,314
212,313
212,312
212,311
212,310
212,309
212,308
212,307
212,306
212,305
212,304
212,303
212,302
212,301
212,300
212,299
212,298
212,297
212,296
213,295
214,295
215,294
215,293
216,292
216,291
216,290
217,289
217,288
217,287
217,286
218,285
218,284
218,283
218,282
218,281
218,280
218,279
219,278
219,277
219,276
219,275
219,274
219,273
219,272
218,271
217,272
216,271
216,270
216,269
217,268
217,267
218,266
219,266
220,266
221,267
222,266
223,266
224,265
225,264
226,264
227,264
229,264
117,252
117,253
117,254
117,255
117,256
116,257
116,258
115,253
189,254
188,254
187,255
186,256
185,257
184,258
183,258
182,259
181,260
180,261
179,262
179,263
178,264
177,265
176,265
175,266
174,266
173,266
172,267
171,267
170,267
169,267
168,267
167,268
166,268
165,268
164,268
163,268
162,268
161,268
160,268
159,268
158,268
157,268
156,268
155,268
154,268
153,267
152,267
151,267
150,267
149,266
148,266
147,266
146,266
145,265
144,264
143,264
142,263
141,263
140,262
139,261
138,261
137,260
136,259
135,259
134,258
123,262
123,261
124,260
124,259
295,279
296,279
297,280
298,281
298,283
299,282
319,292
318,292
317,292
316,291
315,290
314,290
313,290
312,289
311,289
310,289
309,288
308,288
307,288
306,287
305,287
304,286
303,285
302,285
301,284
300,283
299,283
299,282
298,283
292,284
293,285
295,286
297,287
298,288
298,289
297,290
296,289
295,288
294,287
294,286
295,286
296,285
297,284
296,283
295,282
295,281
295,280
296,279
295,279
294,278
293,277
292,276
291,276
290,275
289,274
288,274
287,274
286,273
285,273
284,272
283,272
282,271
281,270
280,270
279,269
278,269
277,268
276,268
275,268
274,268
273,268
272,268
271,268
270,268
269,268
268,268
267,268
266,267
265,267
264,266
263,265
263,264
262,263
261,262
260,262
259,261
258,261
257,261
256,260
255,259
254,259
213,274
60,270
61,269
75,265
74,265
73,265
72,265
71,266
70,266
69,266
68,266
67,267
66,267
65,268
64,269
63,270
62,270
61,271
59,272
61,278
57,285
58,285
59,284
60,284
61,284
62,284
63,283
62,282
62,281
62,280
61,279
54,287
62,291
62,292
62,293
61,294
60,293
59,292
58,292
56,292
64,296
63,296
62,296
60,297
64,298
63,298
62,299
61,298
61,297
60,297
59,296
58,295
57,294
56,293
57,292
56,292
55,291
54,290
54,289
54,288
55,287
58,287
57,287
56,287
55,286
55,287
54,287
55,286
55,285
55,284
55,283
56,282
57,281
58,280
59,280
60,279
61,278
61,277
62,276
61,275
61,274
60,273
25,284
29,282
30,283
30,284
29,285
28,286
23,291
24,290
25,289
26,288
27,287
26,286
25,285
1,308
2,308
3,308
4,307
5,307
6,306
7,305
8,305
9,304
10,304
11,303
12,302
12,301
12,300
12,299
13,298
14,297
14,296
15,295
15,294
16,293
16,292
17,291
18,290
19,290
20,289
21,288
22,287
23,286
24,285
25,284
26,283
27,283
28,282
29,282
30,281
31,280
32,280
33,279
34,279
35,278
36,277
37,277
38,276
39,276
40,275
41,275
42,275
43,275
44,275
45,275
46,274
47,274
48,275
49,274
50,274
51,274
52,274
53,274
54,274
55,274
56,274
57,274
58,274
59,273
59,272
60,271
60,270
61,269
61,268
61,267
62,266
63,265
64,265
65,265
66,264
67,264
68,264
69,263
70,263
71,263
72,263
73,263
74,263
75,262
76,262
77,263
78,263
79,263
80,264
81,265
82,266
83,267
84,268
85,269
85,270
82,272
83,272
84,272
99,266
95,270
96,269
97,268
98,268
241,266
241,267
244,297
244,296
244,295
244,294
244,293
245,292
244,291
244,290
244,289
244,288
244,287
244,286
244,285
244,284
244,283
244,282
244,281
244,280
243,279
243,278
243,277
242,276
242,275
242,274
242,273
242,272
241,271
241,270
241,269
238,267
238,268
66,270
67,270
68,270
69,270
70,269
222,275
222,276
222,277
222,278
221,279
221,280
221,281
221,282
221,283
220,284
220,285
220,286
220,287
220,288
219,289
219,290
219,291
219,292
218,293
218,294
217,295
217,296
216,297
215,298
223,273
223,272
224,271
259,271
69,272
70,272
40,278
41,278
42,278
43,277
120,278
248,281
248,280
247,279
278,281
60,287
61,287
62,287
63,287
64,287
65,286
292,288
57,289
58,289
90,289
30,290
31,290
80,294
79,293
79,292
79,291
78,290
77,290
76,291
75,291
74,292
52,292
53,293
19,295
20,294
261,296
260,296
259,296
258,295
264,296
265,297
266,297
288,295
290,299
289,300
288,301
288,302
289,303
289,304
288,305
288,306
289,307
290,307
103,296
104,296
129,319
129,318
129,317
129,316
129,315
128,314
128,313
128,312
128,311
127,310
127,309
127,308
126,307
126,306
126,305
126,304
125,303
125,302
125,301
125,300
125,299
125,298
125,297
18,298
19,297
20,297
59,300
58,299
57,298
109,319
109,318
109,317
109,316
225,299
225,300
225,301
225,302
299,299
299,300
299,301
299,302
265,300
265,301
282,306
283,307
284,307
285,306
286,305
286,304
293,303
294,304
294,305
294,306
294,307
296,307
299,319
299,318
299,317
298,316
298,315
298,314
298,313
298,312
298,311
297,310
297,309
296,308
295,308
296,307
308,306
310,307
318,301
315,302
315,303
315,304
316,303
317,302
319,307
318,307
317,306
317,305
318,304
318,303
318,302
317,302
318,301
317,300
315,300
315,301
316,300
315,300
313,304
313,303
313,302
313,301
314,300
315,301
315,302
315,303
315,304
315,305
314,306
313,307
312,307
311,307
310,306
310,307
309,307
310,306
310,305
311,304
311,303
311,302
311,301
310,300
309,300
64,302
65,303
65,304
66,305
66,306
67,307
68,308
69,309
69,310
70,311
71,312
72,313
72,314
73,315
214,319
214,318
214,317
215,316
215,315
215,314
216,313
216,312
216,311
217,310
217,309
218,308
218,307
227,305
227,310
227,309
227,308
227,307
246,305
134,306
138,314
216,307
215,308
253,309
254,310
253,312
256,313
255,313
253,313
254,315
125,310
127,319
127,318
126,317
126,316
126,315
126,314
126,313
126,312
17,311
295,313
294,312
8,315
9,314
10,313
11,313
12,312
88,316
88,315
88,314
1,318
79,318
226,319
71,319
71,318
279,318
279,317
79,317
2,317
152,319
152,318
152,317
152,316
247,318
247,317
247,316
247,315
91,315
91,317
91,316
150,319
150,318
150,317
150,316
150,315
150,314
89,313
195,312
196,314
196,319
196,318
196,317
196,316
196,315
195,314
196,314
196,313
195,314
194,315
194,316
193,319
193,318
193,317
29,312
13,312
293,311
244,319
244,318
244,317
244,316
244,315
244,314
244,313
244,312
243,311
18,312
125,311
86,310
85,311
85,312
85,313
85,314
85,315
85,316
85,317
86,318
87,319
253,314
254,313
253,313
253,312
253,311
149,311
149,310
149,309
148,308
8,308
4,311
0,315
1,315
2,314
3,313
4,312
5,311
4,311
4,310
5,311
6,310
7,310
8,309
215,309
142,319
142,318
141,317
140,316
139,315
138,319
138,318
137,317
137,316
138,315
138,314
137,313
136,312
136,311
136,310
135,309
135,308
134,307
63,306
64,307
65,308
65,309
66,310
67,311
67,312
68,313
69,315
69,314
246,312
246,311
246,310
246,309
246,308
246,307
246,306
227,306
219,306
219,305
251,304
73,304
74,305
74,306
75,307
75,308
76,309
76,310
76,311
77,312
77,313
222,303
222,304
222,305
221,306
221,307
221,308
220,309
220,310
220,311
219,312
219,313
218,314
218,315
218,316
217,319
217,318
217,317
61,303
147,303
148,305
149,302
150,303
151,304
150,305
149,305
148,304
148,305
147,306
75,319
75,318
74,317
74,316
86,306
86,305
86,304
86,303
87,302
87,301
308,301
308,302
308,303
308,304
308,305
308,306
297,306
297,305
296,304
296,303
295,302
296,301
295,300
294,300
293,301
293,302
293,303
286,303
286,302
286,301
285,300
284,300
283,300
282,301
283,302
282,303
282,304
282,305
282,306
271,319
271,318
271,317
271,316
270,315
270,314
270,313
269,312
269,311
268,310
268,309
268,308
267,307
267,306
266,305
266,304
266,303
265,302
82,300
82,301
81,302
82,303
82,304
78,301
78,302
79,303
79,304
80,305
80,306
81,307
82,308
83,307
83,306
83,305
299,303
225,303
225,304
225,305
225,306
225,307
225,308
225,309
225,310
225,311
225,312
225,313
225,314
225,315
224,319
224,318
224,317
224,316
110,315
110,314
110,313
110,312
110,311
110,310
110,309
110,308
110,307
110,306
110,305
110,304
110,303
110,302
110,301
110,300
110,299
16,299
56,298
21,297
124,296
105,297
303,296
304,295
305,296
308,297
306,298
307,297
306,297
306,298
305,299
302,300
303,300
303,302
304,300
305,301
303,303
302,319
302,318
303,317
303,316
303,315
303,314
303,313
303,312
303,311
304,310
304,309
304,308
304,307
303,306
303,305
303,304
305,303
305,305
305,304
304,303
305,303
305,302
304,303
303,303
303,302
303,301
304,300
303,300
302,300
301,301
301,302
301,303
301,304
300,305
300,306
291,306
291,305
291,304
291,303
291,302
291,301
290,300
289,300
290,299
289,298
289,297
288,296
267,296
266,295
265,295
264,296
250,295
257,294
21,294
71,301
71,300
70,299
69,298
69,297
69,296
68,295
67,294
67,293
54,293
77,296
76,296
75,295
74,294
73,293
65,291
64,290
32,290
89,290
69,289
68,290
59,289
292,289
292,290
107,319
107,318
107,317
107,316
107,315
107,314
107,313
107,312
108,311
108,310
108,309
108,308
108,307
108,306
108,305
108,304
107,303
108,302
108,301
108,300
108,299
108,298
108,297
108,296
108,295
107,294
107,293
107,292
107,291
107,290
106,289
105,288
104,288
73,288
66,286
290,284
289,284
288,284
287,284
286,284
285,284
284,285
290,288
289,288
288,288
287,288
286,288
285,287
284,286
283,287
282,288
281,289
281,290
280,291
280,292
279,293
279,294
278,295
278,296
277,297
276,299
278,300
275,300
275,302
277,313
277,312
277,311
276,310
276,309
275,308
275,307
275,306
275,305
275,304
275,303
276,302
275,302
275,301
276,302
279,300
277,302
280,302
278,303
278,304
277,305
277,306
278,307
279,307
280,306
280,305
280,304
280,303
279,302
278,303
278,302
279,302
280,302
280,301
279,302
278,301
278,302
277,302
278,301
279,300
278,300
277,299
276,298
276,299
275,300
200,284
199,285
198,286
197,287
196,288
196,289
196,290
196,291
196,292
195,293
195,294
195,295
195,296
195,297
195,298
195,299
195,300
194,301
194,302
194,303
194,304
194,305
194,306
194,307
194,308
194,309
193,310
193,311
192,312
192,313
192,314
191,315
191,316
190,318
190,317
74,284
73,284
32,284
277,283
170,283
169,283
168,283
167,284
166,284
165,284
164,285
163,286
162,287
161,288
160,288
159,289
158,290
157,290
156,291
155,291
154,292
153,293
152,293
151,294
150,295
149,296
51,286
51,285
50,284
49,283
47,283
47,284
34,283
35,283
36,283
37,283
38,283
39,283
40,284
41,284
42,284
43,285
44,285
45,285
46,286
47,287
48,288
49,288
50,289
51,290
233,281
40,281
41,281
42,282
43,282
44,282
45,282
277,280
214,280
214,281
214,282
214,283
214,284
214,285
214,286
213,287
213,288
212,289
205,298
206,300
205,319
205,318
205,317
205,316
204,315
204,314
204,313
204,312
204,311
204,310
204,309
204,308
204,307
204,306
203,305
204,304
204,303
204,302
205,301
207,319
208,318
207,317
207,316
207,315
207,314
207,313
207,312
207,311
207,310
207,309
207,308
207,307
206,306
206,305
207,304
206,303
206,302
206,301
205,301
206,300
205,299
200,300
199,319
199,318
199,317
199,316
199,315
199,314
199,313
199,312
199,311
199,310
199,309
199,308
199,307
199,306
199,305
199,304
199,303
200,302
200,301
201,300
200,300
200,299
201,300
202,300
203,300
204,299
205,298
206,297
207,296
208,295
208,294
209,293
210,292
211,291
211,290
202,285
202,284
202,283
202,282
203,281
203,280
246,279
120,279
120,280
120,281
120,282
120,283
119,286
119,285
119,284
44,277
102,275
101,276
101,277
100,278
100,280
99,279
98,279
97,279
96,279
95,280
94,279
93,279
92,278
91,278
90,278
89,278
88,278
87,278
86,279
85,280
84,280
83,281
82,281
83,291
85,292
83,292
85,297
84,296
84,295
83,294
83,293
84,292
83,292
83,291
84,290
83,289
82,289
81,288
81,287
81,286
81,285
81,284
81,283
81,282
80,281
79,280
79,279
76,277
76,276
77,275
78,274
180,273
179,274
178,274
177,275
176,275
175,276
174,277
173,278
172,279
171,280
170,280
138,272
137,272
93,272
92,274
92,273
71,272
258,271
257,281
263,285
264,285
263,289
260,291
261,290
262,289
262,288
263,289
264,288
264,287
264,286
277,319
277,318
276,317
276,316
276,315
275,314
275,313
274,312
274,311
274,310
273,309
273,308
273,307
273,306
272,305
272,304
272,303
272,302
272,301
272,300
271,299
271,298
271,297
270,296
270,295
270,294
269,293
269,292
269,291
268,290
268,289
267,288
267,287
266,286
265,285
264,285
263,285
262,285
261,285
260,285
259,284
258,283
257,282
258,289
258,288
257,287
256,286
255,286
254,285
254,284
255,283
256,282
257,281
257,280
257,279
257,278
257,277
257,276
258,275
258,274
257,273
256,273
255,272
254,271
225,272
225,273
225,274
224,275
224,276
224,277
224,278
224,279
224,280
224,281
224,282
224,283
223,284
223,285
223,286
223,287
222,288
222,289
222,290
222,291
221,292
221,293
220,294
220,295
220,296
219,297
219,298
218,299
218,300
217,301
217,302
216,303
215,302
214,301
214,300
214,299
71,269
238,269
238,270
238,271
238,272
238,273
238,274
238,275
238,276
238,277
242,289
242,288
242,287
242,286
241,285
241,284
241,283
240,282
240,281
239,280
239,279
238,278
131,267
132,268
132,269
133,270
133,271
134,272
134,273
135,274
135,275
135,276
135,277
135,278
135,279
135,280
135,281
136,282
136,283
137,284
137,285
137,286
137,287
138,288
139,289
140,290
141,291
143,291
142,292
146,285
146,286
146,287
145,288
146,289
146,290
146,291
146,292
145,294
148,319
148,318
148,317
148,316
148,315
147,314
147,313
147,312
147,311
147,310
146,309
145,308
145,307
145,306
145,305
145,304
145,303
145,302
146,301
146,300
146,299
146,298
146,297
146,296
145,295
144,294
145,294
145,293
144,294
143,293
143,292
142,292
143,291
143,290
142,289
142,288
141,287
140,286
140,285
140,284
139,283
139,282
138,281
138,280
137,279
137,278
137,277
138,276
139,276
140,276
141,277
142,278
143,279
144,280
144,281
145,282
145,283
145,284
146,285
240,268
99,267
239,265
238,265
237,265
236,266
236,267
236,268
236,269
236,270
240,319
240,318
240,317
240,316
240,315
240,314
240,313
241,312
241,311
241,310
241,309
241,308
241,307
241,306
241,305
242,304
242,303
241,302
241,301
241,300
241,299
241,298
241,297
241,296
241,295
241,294
241,293
240,292
240,291
240,290
240,289
240,288
239,287
239,286
238,285
238,284
237,283
237,282
236,281
236,280
235,279
235,278
235,277
235,276
235,275
235,274
235,273
235,272
235,271
85,271
217,275
215,276
216,276
215,275
215,276
214,277
213,278
212,279
212,280
212,281
212,282
211,283
211,284
210,285
210,286
209,287
208,288
208,289
207,290
206,291
205,292
205,293
204,294
203,295
202,296
201,295
201,294
201,293
201,292
201,291
201,290
201,289
202,288
203,287
204,286
204,285
205,284
206,283
206,282
207,281
207,280
208,279
208,278
209,277
210,276
211,275
212,274
211,273
212,272
212,271
212,270
213,269
214,268
214,267
214,266
214,265
214,264
214,263
214,262
215,261
216,261
217,262
218,262
219,263
220,264
249,260
253,265
252,264
251,263
250,262
250,261
253,258
124,258
133,257
115,254
114,255
114,256
114,257
114,258
114,272
114,271
114,270
114,269
114,268
114,267
114,266
113,265
113,264
113,263
113,262
113,261
114,260
114,259
116,259
116,260
116,261
116,262
116,263
116,264
116,265
116,266
116,267
116,268
116,269
116,270
116,271
116,272
116,273
214,251
214,252
214,253
213,254
213,255
213,256
213,257
213,258
212,259
212,260
212,261
211,262
211,263
211,264
211,265
210,266
210,267
210,268
209,269
209,270
208,271
208,272
208,273
207,275
208,275
207,274
207,275
206,277
206,276
137,253
137,252
136,251
124,251
124,252
125,253
125,254
126,255
126,256
126,257
126,258
127,259
127,260
127,261
128,262
128,263
128,264
129,265
129,266
129,267
129,268
129,269
129,270
129,271
129,272
129,273
130,274
130,275
130,276
131,277
131,278
131,279
131,280
131,281
132,282
132,283
132,284
133,285
133,286
133,287
133,288
134,289
134,290
135,291
135,292
136,293
137,294
138,295
138,296
139,297
123,319
123,318
123,317
123,316
123,315
123,314
123,313
123,312
123,311
123,310
123,309
123,308
122,307
122,306
122,305
122,304
122,303
122,302
122,301
122,300
121,299
121,298
121,297
122,296
122,295
122,294
122,293
122,292
122,291
121,290
121,289
121,288
122,287
123,288
124,289
125,290
125,291
125,292
126,293
132,319
132,318
132,317
132,316
131,315
131,314
131,313
131,312
131,311
130,310
130,309
130,308
129,307
129,306
129,305
129,304
128,303
128,302
128,301
128,300
128,299
128,298
127,297
127,296
127,295
127,294
138,305
139,307
138,308
137,307
137,306
136,305
135,304
135,303
135,302
135,301
135,300
134,299
133,298
132,299
132,300
132,301
133,304
135,319
134,318
134,317
134,316
134,315
134,314
133,313
133,312
133,311
133,310
132,309
132,308
132,307
132,306
132,305
131,304
131,303
131,302
130,301
130,300
130,299
130,298
130,297
130,296
129,295
129,294
128,293
128,292
128,291
127,290
127,289
127,288
126,287
126,286
126,285
125,284
125,283
125,282
124,281
124,280
124,279
123,278
123,277
123,276
123,275
123,274
123,273
124,272
124,271
124,270
124,269
124,268
125,267
126,268
126,269
126,270
126,271
126,272
127,273
127,274
127,275
127,276
128,277
128,278
128,279
128,280
129,281
129,282
129,283
129,284
129,285
129,286
130,287
130,288
131,289
131,290
131,291
132,292
132,293
133,294
134,295
135,296
135,297
136,298
137,299
137,300
138,301
138,302
138,303
138,304
138,305
139,306
139,307
140,308
140,309
142,315
142,314
142,313
141,312
141,311
141,310
146,319
146,318
145,317
145,316
145,315
145,314
144,313
144,312
144,311
143,310
142,309
142,308
142,307
141,306
141,305
141,304
141,303
141,302
141,301
141,300
140,299
140,298
241,247
242,248
242,249
243,250
244,251
244,252
245,253
245,254
245,255
246,256
246,257
247,258
247,259
247,260
237,319
236,318
236,317
236,316
236,315
236,314
236,313
236,312
235,311
235,310
235,309
235,308
235,307
235,306
235,305
235,304
235,303
235,302
235,301
235,300
235,299
235,298
235,297
235,296
235,295
235,294
235,293
235,292
235,291
235,290
235,289
235,288
234,287
234,286
234,285
233,284
232,283
231,284
231,285
231,286
231,287
231,288
232,289
232,290
232,291
232,292
232,293
232,294
232,295
232,296
232,297
232,298
232,299
232,300
232,301
232,303
230,304
230,305
230,306
232,307
230,308
228,319
228,318
229,317
229,316
229,315
229,314
229,313
229,312
229,311
229,310
230,309
231,308
233,319
233,318
233,317
233,316
233,315
233,314
233,313
233,312
232,311
232,310
232,309
232,308
231,308
230,308
230,307
231,308
232,307
232,306
232,305
232,304
231,303
232,303
232,302
231,303
230,304
229,303
229,302
229,301
229,300
229,299
228,298
228,297
228,296
228,295
228,294
228,293
227,292
228,291
228,290
228,289
228,288
228,287
228,286
229,285
229,284
229,283
229,282
229,281
230,280
230,279
230,278
230,277
231,276
231,275
231,274
231,273
231,272
231,271
231,270
231,269
232,268
232,267
232,266
231,265
230,264
229,263
229,264
228,264
229,263
229,262
228,261
227,260
241,245
240,244
239,243
238,242
158,236
180,270
181,270
182,269
183,268
184,268
185,267
186,266
187,265
188,264
189,263
190,263
191,262
192,261
193,260
194,259
195,258
196,257
197,257
198,256
199,255
200,254
201,253
202,252
203,251
204,250
204,249
205,248
206,247
207,246
208,245
209,244
209,243
210,242
211,241
212,240
212,239
213,238
214,237
215,236
222,233
223,233
223,234
224,235
225,236
225,237
226,238
226,239
227,240
228,241
228,242
229,243
230,244
230,245
231,246
232,247
232,248
233,249
234,250
235,251
236,252
237,253
238,254
240,254
239,253
239,252
238,251
237,250
236,249
236,248
235,247
234,246
233,245
233,244
232,243
231,242
231,241
230,240
230,239
229,238
228,237
228,236
227,235
226,234
225,233
224,232
223,233
222,233
221,232
220,231
219,232
219,233
219,234
219,235
219,236
220,237
221,238
220,240
220,242
220,241
233,257
234,257
239,256
240,257
239,259
239,260
238,262
239,262
245,261
246,262
246,264
247,263
248,264
249,265
248,267
249,266
254,263
255,264
256,265
257,267
263,268
262,268
261,268
260,268
259,268
258,267
257,266
257,267
256,268
255,268
254,268
253,268
252,268
251,268
250,267
249,267
249,266
248,267
247,267
246,267
245,266
244,265
243,264
242,263
241,262
240,261
240,260
239,260
238,259
239,259
240,260
242,260
241,259
240,258
239,259
238,258
238,259
237,258
238,258
237,257
237,258
236,257
237,257
236,256
236,257
235,257
234,258
235,259
236,260
237,261
238,262
237,263
236,263
235,263
234,262
233,262
232,261
231,260
230,259
229,258
228,257
227,256
226,255
225,254
224,253
223,252
222,251
221,250
220,249
219,248
218,247
218,246
218,245
218,244
218,243
218,242
219,241
220,242
221,243
221,244
222,245
223,246
224,247
224,248
225,249
226,250
227,251
228,252
229,253
230,254
231,255
232,256
233,257
234,257
235,257
236,256
235,255
234,254
233,253
232,252
231,251
230,250
229,249
228,248
227,247
226,246
226,245
225,244
224,243
224,242
223,241
222,240
221,239
220,240
219,241
218,240
217,239
217,238
217,237
217,236
156,230
155,230
154,230
153,230
152,230
151,230
150,230
149,229
133,221
133,220
133,218
132,218
131,217
130,217
129,217
128,216
127,217
127,218
127,219
121,221
120,220
120,219
120,218
119,217
119,216
119,215
119,214
127,212
128,212
129,213
130,213
131,213
132,213
133,213
134,212
135,212
136,211
137,211
138,211
140,209
118,207
130,195
131,195
132,195
133,195
134,195
135,195
136,195
137,195
138,195
139,196
140,196
141,197
142,197
143,198
144,199
140,206
141,207
142,206
143,206
144,205
145,205
146,205
147,205
148,205
149,206
150,206
151,206
152,205
153,204
154,203
154,202
154,201
155,200
156,200
157,200
158,199
159,199
160,199
161,198
162,198
163,197
164,197
165,196
165,194
165,192
124,189
123,188
124,187
170,177
88,171
88,170
88,169
86,169
104,161
104,160
104,159
103,158
99,157
145,156
144,154
143,154
143,153
144,154
145,153
144,152
143,153
142,154
141,155
140,155
139,156
129,193
128,192
127,191
127,190
127,189
127,188
127,187
127,186
127,185
127,184
128,183
128,182
129,181
130,180
131,179
132,178
132,177
133,176
133,175
134,174
135,173
135,172
135,171
135,170
136,169
136,168
136,167
136,166
137,165
137,164
137,163
137,162
137,161
137,160
137,159
138,158
138,157
128,151
88,151
125,151
116,154
117,155
116,155
115,156
114,156
113,156
112,156
111,156
110,156
109,155
108,155
107,154
107,153
107,152
108,151
109,150
110,150
111,149
112,149
113,150
114,151
114,152
115,153
116,154
117,155
118,156
119,156
120,156
121,155
122,155
123,155
124,155
125,155
126,155
127,154
128,154
129,154
141,148
122,148
138,148
138,154
137,153
137,152
137,151
137,150
136,149
135,148
135,147
106,146
169,145
163,148
162,147
191,150
190,151
189,152
188,153
187,153
186,154
185,154
184,154
183,155
182,155
181,155
180,155
179,155
178,156
177,156
176,156
175,156
174,156
173,156
172,155
171,155
170,155
169,155
168,154
167,154
166,154
165,153
164,153
163,152
162,152
161,152
160,151
159,150
159,149
158,148
157,147
157,146
156,145
102,152
103,151
104,150
105,149
106,148
107,148
108,147
109,146
110,146
111,146
112,146
113,145
114,145
115,145
116,145
117,145
118,145
119,145
120,145
121,145
122,145
123,145
124,145
125,145
126,146
127,146
128,146
129,147
130,148
131,151
131,150
131,149
191,147
94,183
95,183
96,183
97,184
98,184
99,184
100,184
101,184
102,184
103,184
104,184
105,184
106,184
107,184
108,184
109,184
110,183
111,183
112,183
113,183
114,183
115,183
116,182
117,182
118,182
119,182
120,181
121,181
122,181
123,180
124,180
125,179
126,179
127,178
128,177
129,176
130,175
130,174
131,173
131,172
132,171
132,170
132,169
133,168
133,167
133,166
133,165
134,164
134,163
134,162
134,161
134,160
134,159
134,158
134,157
134,156
134,155
134,154
134,153
134,152
134,151
133,150
133,149
133,148
132,147
132,146
131,145
130,144
130,142
118,140
165,146
165,145
166,144
167,143
168,142
169,142
170,141
171,140
172,139
173,139
175,139
175,140
175,141
176,142
177,143
178,144
179,145
180,146
181,146
182,146
183,145
184,145
185,144
186,143
187,142
187,141
187,140
187,139
183,137
233,134
230,134
229,134
195,137
194,137
193,136
192,136
191,136
190,135
189,135
188,135
187,134
186,134
185,134
184,134
183,134
182,134
181,134
180,134
179,134
178,135
177,135
176,135
175,135
174,136
173,136
169,138
170,137
171,137
172,136
172,134
188,132
158,134
157,134
156,135
155,135
154,135
153,136
152,137
151,137
150,137
149,138
148,138
147,138
146,139
145,139
144,140
143,140
142,140
141,140
140,140
139,140
138,140
137,140
136,140
135,139
136,138
136,137
135,136
134,136
133,136
132,136
131,137
130,136
129,135
128,134
127,134
126,133
125,133
124,133
123,133
122,133
121,132
120,132
119,132
118,132
117,132
116,132
115,132
114,132
113,132
112,132
111,132
110,132
109,132
108,132
107,132
106,132
105,131
104,131
103,131
102,132
101,132
99,131
100,130
196,129
187,130
188,130
189,130
190,129
191,130
192,130
193,130
194,131
195,131
196,132
197,133
198,133
216,127
189,127
190,127
191,127
192,127
193,127
194,127
195,127
196,127
197,127
198,127
199,127
200,127
201,127
202,127
203,127
204,127
205,127
206,127
207,128
208,129
209,130
209,131
210,132
210,133
211,134
211,135
211,136
212,137
212,138
212,139
212,140
212,141
212,142
212,143
212,144
212,145
212,146
212,147
212,148
212,149
212,150
212,151
212,152
212,153
212,154
211,155
211,156
211,157
211,158
211,159
210,160
209,161
209,162
208,163
207,164
206,165
205,165
204,166
203,166
202,167
201,167
200,167
199,168
198,168
197,169
196,169
195,169
194,169
193,170
192,170
191,170
190,170
189,171
188,171
187,171
186,171
185,171
184,171
183,172
182,172
181,172
180,172
179,172
178,172
177,172
176,172
175,172
174,172
173,172
172,172
171,172
170,172
169,172
168,171
167,171
166,170
165,170
164,169
163,168
162,167
161,166
160,165
159,164
159,163
158,162
157,161
157,160
157,159
156,158
155,157
155,156
154,155
154,154
153,153
153,152
152,151
152,150
152,149
152,148
152,147
152,146
152,145
152,144
152,143
152,142
152,141
153,140
154,139
155,138
156,137
151,131
152,130
152,129
152,128
152,127
233,127
233,128
234,130
233,129
82,125
83,126
84,127
84,128
84,129
85,130
85,131
85,132
86,133
86,134
86,135
86,136
87,137
206,168
207,167
208,167
209,166
210,165
211,164
212,163
212,162
213,161
213,160
214,159
214,158
214,157
214,156
214,155
215,154
215,153
215,152
215,151
215,150
215,149
215,148
215,147
215,146
215,145
215,144
215,143
215,142
215,141
215,140
215,139
215,138
215,137
215,136
216,135
216,134
216,133
217,132
218,131
219,130
220,129
220,128
220,127
219,126
219,125
211,124
210,124
209,124
208,124
207,124
206,124
205,124
204,124
203,124
157,123
173,127
174,127
175,126
176,125
177,125
178,124
178,120
239,119
239,120
239,121
239,122
239,123
239,124
239,125
239,126
239,127
238,129
238,128
186,119
239,116
238,116
237,116
236,117
235,118
234,119
233,122
233,121
233,120
197,118
196,118
195,118
194,117
193,117
192,117
191,117
190,117
189,116
157,129
157,128
157,127
157,126
158,125
159,124
159,123
160,122
161,121
162,121
163,121
164,120
165,120
166,120
167,119
168,119
169,119
170,119
171,118
172,118
173,117
174,117
175,116
176,116
177,117
178,117
179,118
181,119
180,118
181,117
182,117
234,115
79,115
177,113
178,113
179,113
180,113
181,113
182,113
183,113
184,113
185,113
186,112
187,112
188,113
189,113
190,113
191,114
192,114
193,114
194,114
195,114
196,115
197,114
198,114
199,115
200,115
201,116
214,109
110,108
239,101
239,102
239,103
240,104
240,105
241,106
241,107
240,108
240,109
241,110
241,111
241,112
241,113
241,114
241,115
241,116
241,117
242,118
242,119
242,120
242,121
242,122
242,123
242,124
242,125
242,126
242,127
242,128
241,129
241,130
241,131
241,132
240,133
240,134
239,135
239,136
238,137
238,138
238,139
237,140
237,141
237,142
237,143
236,144
236,145
236,146
236,147
236,148
235,149
235,150
235,151
235,152
235,153
235,154
234,155
234,156
234,157
234,158
234,159
234,160
234,161
234,162
235,163
234,164
234,165
234,166
234,167
234,168
235,169
250,258
250,257
250,256
250,255
250,254
249,253
249,252
248,251
248,250
247,249
246,248
246,247
245,246
244,245
244,244
243,243
242,242
242,241
241,240
240,239
239,238
238,237
237,237
236,236
234,236
244,258
244,257
243,256
243,255
243,254
242,253
241,252
241,251
240,250
239,249
239,248
238,247
237,246
237,245
236,244
236,243
235,242
235,241
234,240
234,239
234,238
234,237
235,236
234,236
233,235
232,234
231,233
230,233
229,232
228,231
227,231
226,230
225,230
224,229
223,228
222,228
221,227
220,226
220,225
220,224
220,223
220,222
221,221
221,220
221,219
222,218
222,217
223,216
223,215
223,214
224,213
224,212
224,211
224,210
225,209
225,208
225,207
225,206
225,205
226,204
226,203
226,202
226,201
226,200
226,199
226,198
227,197
227,196
227,195
227,194
227,193
227,192
228,191
228,190
228,189
228,188
228,187
228,186
228,185
228,184
228,183
229,182
229,181
229,180
230,179
231,178
232,177
233,176
234,175
235,174
236,173
236,172
236,171
235,170
234,171
233,171
232,170
231,169
231,168
231,167
230,166
230,165
230,164
230,163
230,162
230,161
230,160
230,159
230,158
230,157
230,156
230,155
230,154
230,153
230,152
230,151
230,150
230,149
230,148
230,147
230,146
231,145
231,144
231,143
232,142
232,141
232,140
231,139
231,138
231,137
230,136
216,130
215,130
214,130
213,129
212,128
212,127
213,126
214,125
215,124
216,123
217,122
217,121
216,120
215,119
215,118
214,117
213,116
213,115
212,114
211,113
211,112
210,111
210,110
209,109
209,108
209,107
208,106
216,99
216,98
215,97
214,96
89,93
89,92
92,88
87,87
140,92
141,91
142,90
142,89
143,88
143,87
143,86
144,85
144,84
145,83
145,82
145,81
146,80
147,80
191,75
176,77
175,76
174,75
144,74
143,75
98,123
98,122
99,121
100,121
101,120
102,119
103,118
104,117
105,116
106,115
107,115
108,114
109,113
110,113
111,112
112,112
113,112
114,111
114,110
114,109
115,108
116,107
117,106
118,105
119,104
120,104
121,103
122,102
123,101
124,100
125,100
126,99
127,98
128,97
129,96
130,95
131,95
132,94
132,93
133,92
134,91
135,90
136,89
136,88
137,87
138,86
138,85
138,84
139,83
139,82
140,81
140,80
141,79
142,78
142,77
143,76
152,70
151,71
150,72
149,73
148,74
148,75
147,76
146,77
129,70
173,68
174,69
175,70
176,71
177,72
178,73
179,74
180,75
181,76
182,77
183,78
184,79
185,80
186,81
187,82
188,83
189,84
190,84
191,85
192,85
193,86
194,87
211,99
220,110
220,109
219,108
218,107
218,106
217,105
216,104
215,103
214,102
213,101
212,100
210,102
210,101
211,100
211,99
210,98
209,97
208,96
207,95
206,94
205,94
204,93
203,92
202,92
201,91
200,90
199,90
198,89
197,89
196,88
195,87
209,68
90,68
90,67
94,66
222,65
132,65
165,65
165,64
165,63
176,60
160,59
203,56
189,79
189,78
188,77
187,76
187,75
186,74
185,73
184,72
183,72
182,71
181,70
180,69
179,68
178,68
177,67
176,66
175,65
174,64
174,63
173,62
172,61
171,60
171,59
170,58
170,57
170,56
170,55
154,53
150,43
149,43
146,43
173,42
174,56
173,55
172,54
172,53
172,52
172,51
172,50
172,49
173,48
174,47
174,46
174,45
173,44
172,43
171,43
170,44
170,45
170,46
169,47
168,48
168,49
167,50
167,51
166,52
166,53
165,54
165,55
164,56
164,57
163,58
162,59
127,42
153,37
154,37
155,37
182,33
149,31
149,29
194,28
136,25
172,23
144,23
150,22
151,23
152,24
153,24
154,24
155,25
156,25
157,25
158,25
167,24
166,23
165,23
164,24
163,24
162,24
160,25
161,25
160,24
160,25
159,25
160,24
160,23
160,21
159,21
158,21
157,22
156,22
155,21
154,20
153,20
152,19
151,19
150,19
149,19
148,19
147,19
146,19
145,19
89,273
89,272
88,271
88,270
88,269
89,268
89,267
90,266
91,265
92,264
92,263
93,262
94,261
95,260
96,259
96,258
97,257
98,256
98,255
99,254
100,253
101,253
103,252
102,253
112,319
112,318
112,317
112,316
112,315
112,314
112,313
112,312
112,311
112,310
112,309
112,308
112,307
112,306
112,305
112,304
112,303
112,302
112,301
112,300
112,299
112,298
112,297
112,296
112,295
111,294
111,293
111,292
111,291
111,290
110,289
110,288
109,287
109,286
108,285
108,284
107,283
107,282
107,281
106,280
106,279
106,278
106,277
106,276
105,275
105,274
105,273
105,272
105,271
104,270
104,269
103,268
103,267
102,266
101,265
101,264
101,263
101,262
102,261
102,260
102,259
103,258
103,257
104,256
104,255
103,254
103,253
102,253
103,252
104,251
105,251
106,251
107,251
108,251
109,250
111,250
112,250
113,251
111,254
110,255
110,256
109,257
109,258
108,259
108,260
108,261
108,262
106,264
107,264
108,264
108,265
109,266
113,285
113,284
113,283
113,282
113,281
113,280
113,279
113,278
113,277
113,276
113,275
113,274
112,273
112,272
112,271
112,270
112,269
112,268
111,267
110,267
108,268
114,319
114,318
114,317
114,316
114,315
114,314
114,313
114,312
114,311
114,310
114,309
115,308
115,307
115,306
115,305
115,304
115,303
115,302
115,301
115,300
115,299
115,298
114,297
114,296
114,295
114,294
114,293
113,292
113,291
113,290
113,289
113,288
112,287
111,286
111,285
111,284
111,283
111,282
111,281
111,280
111,279
111,278
110,277
110,276
110,275
110,274
109,273
109,272
109,271
109,270
108,269
109,268
108,268
107,267
106,266
106,265
107,264
108,264
108,263
107,264
106,264
105,263
105,262
105,261
105,260
106,259
106,258
106,257
106,256
107,255
108,254
109,253
110,253
111,254
112,253
112,252
111,251
110,250
111,250
112,250
113,251
114,250
115,250
116,250
117,249
119,248
118,296
118,295
118,294
117,293
117,292
117,291
117,290
117,289
116,288
116,287
115,286
115,285
115,284
115,283
115,282
115,281
115,280
115,279
115,278
115,277
116,276
117,276
118,275
118,274
119,273
119,272
119,271
119,270
119,269
118,268
118,267
118,266
118,265
119,264
119,263
119,262
119,261
120,260
120,259
120,258
120,257
121,256
121,255
121,254
121,253
121,252
120,251
120,250
119,249
118,249
119,248
118,247
117,246
117,245
116,244
115,243
114,242
113,241
113,240
112,239
111,238
110,237
109,236
109,235
108,234
107,233
107,232
106,231
105,230
105,229
104,228
103,227
103,226
102,225
102,224
101,223
101,222
100,221
100,220
99,219
99,218
98,217
98,216
98,215
97,214
97,213
97,212
96,211
96,210
96,209
96,208
95,207
95,206
95,205
94,204
94,203
94,202
93,201
93,200
93,199
92,198
92,197
92,196
92,195
91,194
91,193
91,192
91,191
90,190
90,189
90,188
90,187
90,186
89,185
89,184
88,183
88,182
87,181
87,180
86,179
86,178
85,177
85,176
84,175
84,174
83,173
83,172
83,171
82,170
82,169
82,168
81,167
81,166
80,165
80,164
79,163
79,162
78,161
77,160
76,159
75,158
75,157
74,156
73,155
73,154
73,153
73,152
74,151
75,150
76,149
77,149
78,148
79,147
80,147
81,146
82,146
83,145
84,144
85,143
85,142
84,141
84,140
84,139
84,138
84,137
83,136
83,135
83,134
83,133
82,132
82,131
82,130
81,129
80,128
80,127
79,126
79,125
78,124
78,123
78,122
77,121
77,120
76,119
76,118
76,117
76,116
76,115
76,114
76,113
76,112
76,111
76,110
75,109
75,108
75,107
75,106
75,105
75,104
75,103
75,102
76,101
76,100
76,99
76,98
76,97
76,96
76,95
76,94
76,93
76,92
77,91
77,90
77,89
78,88
78,87
78,86
79,85
79,84
79,83
80,82
80,81
81,80
81,79
81,78
82,77
82,76
82,75
83,74
83,73
84,72
84,71
85,70
86,69
86,68
87,67
87,66
88,65
89,64
89,63
90,62
91,61
92,60
93,59
94,58
95,57
96,57
97,56
98,55
99,54
100,53
101,52
102,51
103,50
104,49
105,48
106,47
107,46
108,45
109,44
110,43
111,42
112,41
113,40
114,39
115,38
116,37
117,36
118,35
119,35
120,34
121,33
122,32
123,31
124,31
125,30
126,29
127,28
128,28
129,27
130,26
131,25
132,24
133,23
134,23
135,22
136,22
137,22
138,21
139,21
140,21
141,20
142,20
143,20
144,19
